MAGNITUDE = 3.90
FAULT_LENGTH = 1.5000
FAULT_WIDTH = 1.7298
DEPTH_TO_TOP = 8.74
STRIKE = 0.0
DIP = 90.0
RAKE = 0.0
LAT_TOP_CENTER = 37.74983
LON_TOP_CENTER = -121.93884
HYPO_ALONG_STK = 0.0
HYPO_DOWN_DIP = 0.86
DLEN = 0.1
DWID = 0.1
DT = 0.1
HF_DT = 0.01
SEED = 12345
