MAGNITUDE = 3.65
FAULT_LENGTH = 1.5000
FAULT_WIDTH = 1.5000
DEPTH_TO_TOP = 4.25
STRIKE = 0.0
DIP = 90.0
RAKE = 0.0
LAT_TOP_CENTER = 39.16060
LON_TOP_CENTER = -119.04740
HYPO_ALONG_STK = 0.0
HYPO_DOWN_DIP = 0.75
DLEN = 0.1
DWID = 0.1
DT = 0.1
HF_DT = 0.01
SEED = 12345
